MS46122B
!2032304/20262023
!4/29/2022.3:41:18.AM
!CHANNEL.1
!TR.MEASUREMENT
!RF.CORRECTION.OFF
!AVERAGING.OFF
!IF.BANDWIDTH: 1KHZ
!NUMBER.OF.TRACES: 4
!TRACE:       	TRACE.1           	TRACE.2           	TRACE.3           	TRACE.4           
!PARAMETER:   	S11               	S12               	S21               	S22               
!PORT:        	PORT1             	PORT2             	PORT1             	PORT2             
!GRAPH:       	LOGMAG            	LOGMAG            	LOGMAG            	LOGMAG            
!SMOOTHING:   	OFF               	OFF               	OFF               	OFF               
!TIMEDOMAIN:  	NOT.INSTALLED     	NOT.INSTALLED     	NOT.INSTALLED     	NOT.INSTALLED     
!SWEEPTYPE: FREQ.SWEEP(Linear)
PNT	FREQ1.GHZ	LOGMAG1	FREQ2.GHZ	LOGMAG2	FREQ3.GHZ	LOGMAG3	FREQ4.GHZ	LOGMAG4
1	0.001000000	-5.084112E-002	0.001000000	-1.415174E+002	0.001000000	-1.052227E+002	0.001000000	1.166304E-002
2	0.100995000	-2.423460E-001	0.100995000	-1.261591E+002	0.100995000	-1.217831E+002	0.100995000	9.231472E-003
3	0.200990000	-3.935135E-001	0.200990000	-1.131922E+002	0.200990000	-1.167243E+002	0.200990000	7.490753E-004
4	0.300985000	-4.879868E-001	0.300985000	-1.170512E+002	0.300985000	-1.144483E+002	0.300985000	8.941639E-003
5	0.400980000	-5.911475E-001	0.400980000	-1.060838E+002	0.400980000	-1.062752E+002	0.400980000	4.359596E-003
6	0.500975000	-7.906883E-001	0.500975000	-1.035890E+002	0.500975000	-1.036604E+002	0.500975000	-1.060626E-002
7	0.600970000	-1.010396E+000	0.600970000	-9.900130E+001	0.600970000	-9.731723E+001	0.600970000	-1.686012E-002
8	0.700965000	-1.278940E+000	0.700965000	-9.224464E+001	0.700965000	-9.253491E+001	0.700965000	-1.149352E-004
9	0.800960000	-1.627225E+000	0.800960000	-9.486098E+001	0.800960000	-9.428714E+001	0.800960000	1.726368E-002
10	0.900955000	-1.993536E+000	0.900955000	-9.180634E+001	0.900955000	-9.134772E+001	0.900955000	1.240185E-002
11	1.000950000	-2.430532E+000	1.000950000	-9.830708E+001	1.000950000	-9.811377E+001	1.000950000	-1.456298E-002
12	1.100945000	-2.741462E+000	1.100945000	-9.701065E+001	1.100945000	-9.706683E+001	1.100945000	-2.770801E-002
13	1.200940000	-3.213737E+000	1.200940000	-9.755058E+001	1.200940000	-9.817711E+001	1.200940000	-1.174272E-002
14	1.300935000	-3.859325E+000	1.300935000	-9.200451E+001	1.300935000	-9.248978E+001	1.300935000	9.982056E-003
15	1.400930000	-4.693414E+000	1.400930000	-9.179114E+001	1.400930000	-9.123198E+001	1.400930000	1.060237E-002
16	1.500925000	-6.391297E+000	1.500925000	-8.828450E+001	1.500925000	-8.894736E+001	1.500925000	-1.232210E-002
17	1.600920000	-1.327675E+001	1.600920000	-8.957691E+001	1.600920000	-8.988282E+001	1.600920000	-3.827281E-002
18	1.700915000	-1.541867E+001	1.700915000	-9.694984E+001	1.700915000	-9.758961E+001	1.700915000	-4.094181E-002
19	1.800910000	-1.464408E+001	1.800910000	-8.760632E+001	1.800910000	-8.791817E+001	1.800910000	-2.239386E-002
20	1.900905000	-2.485058E+001	1.900905000	-7.708372E+001	1.900905000	-7.765126E+001	1.900905000	-2.663447E-003
21	2.000900000	-1.633239E+001	2.000900000	-8.027526E+001	2.000900000	-8.032914E+001	2.000900000	-3.980497E-003
22	2.100895000	-1.268074E+001	2.100895000	-8.351466E+001	2.100895000	-8.356653E+001	2.100895000	-2.406283E-002
23	2.200890000	-1.164208E+001	2.200890000	-8.373827E+001	2.200890000	-8.452065E+001	2.200890000	-5.444017E-002
24	2.300885000	-1.153573E+001	2.300885000	-8.059531E+001	2.300885000	-8.161380E+001	2.300885000	-4.326131E-002
25	2.400880000	-1.307691E+001	2.400880000	-8.003540E+001	2.400880000	-8.066696E+001	2.400880000	-2.000954E-002
26	2.500875000	-1.841622E+001	2.500875000	-7.830470E+001	2.500875000	-7.834552E+001	2.500875000	2.141795E-003
27	2.600870000	-3.081415E+001	2.600870000	-7.535297E+001	2.600870000	-7.570349E+001	2.600870000	5.414039E-003
28	2.700865000	-1.762756E+001	2.700865000	-7.156180E+001	2.700865000	-7.201184E+001	2.700865000	-2.662544E-002
29	2.800860000	-9.989399E+000	2.800860000	-7.183496E+001	2.800860000	-7.205020E+001	2.800860000	-5.752753E-002
30	2.900855000	-5.423151E+000	2.900855000	-7.454187E+001	2.900855000	-7.497536E+001	2.900855000	-3.452273E-002
31	3.000850000	-4.024307E+000	3.000850000	-7.872411E+001	3.000850000	-7.910555E+001	3.000850000	3.817538E-003
32	3.100845000	-3.736583E+000	3.100845000	-8.216147E+001	3.100845000	-8.237709E+001	3.100845000	2.587192E-002
33	3.200840000	-3.783433E+000	3.200840000	-8.345845E+001	3.200840000	-8.380670E+001	3.200840000	-1.214402E-002
34	3.300835000	-3.814214E+000	3.300835000	-8.237695E+001	3.300835000	-8.300881E+001	3.300835000	-6.629784E-002
35	3.400830000	-3.766978E+000	3.400830000	-8.578628E+001	3.400830000	-8.635017E+001	3.400830000	-7.713306E-002
36	3.500825000	-3.874011E+000	3.500825000	-9.147015E+001	3.500825000	-9.121335E+001	3.500825000	-2.763455E-002
37	3.600820000	-3.851304E+000	3.600820000	-1.080788E+002	3.600820000	-9.928040E+001	3.600820000	2.101890E-004
38	3.700815000	-4.048584E+000	3.700815000	-8.889538E+001	3.700815000	-8.891637E+001	3.700815000	-2.907099E-002
39	3.800810000	-4.447452E+000	3.800810000	-8.743239E+001	3.800810000	-8.846848E+001	3.800810000	-7.745638E-002
40	3.900805000	-4.662358E+000	3.900805000	-9.329406E+001	3.900805000	-9.437608E+001	3.900805000	-8.950955E-002
41	4.000800000	-4.831716E+000	4.000800000	-9.274612E+001	4.000800000	-9.189928E+001	4.000800000	-6.441052E-002
42	4.100795000	-5.088984E+000	4.100795000	-9.275676E+001	4.100795000	-9.634114E+001	4.100795000	-6.435377E-002
43	4.200790000	-5.297167E+000	4.200790000	-9.183264E+001	4.200790000	-9.606736E+001	4.200790000	-8.084022E-002
44	4.300785000	-5.660300E+000	4.300785000	-9.195345E+001	4.300785000	-9.540771E+001	4.300785000	-1.053384E-001
45	4.400780000	-6.250022E+000	4.400780000	-1.024003E+002	4.400780000	-1.104494E+002	4.400780000	-1.041711E-001
46	4.500775000	-7.155891E+000	4.500775000	-8.909418E+001	4.500775000	-8.776653E+001	4.500775000	-9.196591E-002
47	4.600770000	-8.195457E+000	4.600770000	-8.599402E+001	4.600770000	-8.598397E+001	4.600770000	-1.158733E-001
48	4.700765000	-9.039461E+000	4.700765000	-8.843307E+001	4.700765000	-8.638519E+001	4.700765000	-1.451884E-001
49	4.800760000	-9.656557E+000	4.800760000	-8.119237E+001	4.800760000	-8.140410E+001	4.800760000	-1.446536E-001
50	4.900755000	-1.059616E+001	4.900755000	-7.895249E+001	4.900755000	-7.701978E+001	4.900755000	-1.480176E-001
51	5.000750000	-1.199473E+001	5.000750000	-7.452203E+001	5.000750000	-7.319118E+001	5.000750000	-1.701935E-001
52	5.100745000	-1.307440E+001	5.100745000	-7.479272E+001	5.100745000	-7.478642E+001	5.100745000	-1.595042E-001
53	5.200740000	-1.462201E+001	5.200740000	-7.482794E+001	5.200740000	-7.659539E+001	5.200740000	-1.206393E-001
54	5.300735000	-1.718161E+001	5.300735000	-7.582451E+001	5.300735000	-7.665823E+001	5.300735000	-1.492732E-001
55	5.400730000	-2.042391E+001	5.400730000	-7.257533E+001	5.400730000	-7.303075E+001	5.400730000	-2.274374E-001
56	5.500725000	-2.301744E+001	5.500725000	-6.728410E+001	5.500725000	-6.713680E+001	5.500725000	-2.753666E-001
57	5.600720000	-2.190688E+001	5.600720000	-6.703490E+001	5.600720000	-6.652602E+001	5.600720000	-2.843149E-001
58	5.700715000	-1.895342E+001	5.700715000	-5.999052E+001	5.700715000	-5.994675E+001	5.700715000	-4.512999E-001
59	5.800710000	-1.641187E+001	5.800710000	-5.683112E+001	5.800710000	-5.684534E+001	5.800710000	-4.501458E-001
60	5.900705000	-1.440143E+001	5.900705000	-6.200215E+001	5.900705000	-6.222616E+001	5.900705000	-3.115997E-001
61	6.000700000	-1.380721E+001	6.000700000	-6.875344E+001	6.000700000	-6.969252E+001	6.000700000	-2.681066E-001
62	6.100695000	-1.369341E+001	6.100695000	-7.293634E+001	6.100695000	-7.270980E+001	6.100695000	-1.840314E-001
63	6.200690000	-1.344047E+001	6.200690000	-7.221345E+001	6.200690000	-7.328931E+001	6.200690000	-1.235797E-001
64	6.300685000	-1.383939E+001	6.300685000	-7.153593E+001	6.300685000	-7.186395E+001	6.300685000	-1.356103E-001
65	6.400680000	-1.471236E+001	6.400680000	-8.339967E+001	6.400680000	-7.924110E+001	6.400680000	-1.780029E-001
66	6.500675000	-1.532325E+001	6.500675000	-8.870429E+001	6.500675000	-8.251813E+001	6.500675000	-1.878802E-001
67	6.600670000	-1.595535E+001	6.600670000	-8.524573E+001	6.600670000	-8.451750E+001	6.600670000	-1.596387E-001
68	6.700665000	-1.582820E+001	6.700665000	-8.067939E+001	6.700665000	-8.286839E+001	6.700665000	-1.417567E-001
69	6.800660000	-1.485308E+001	6.800660000	-8.200461E+001	6.800660000	-8.717784E+001	6.800660000	-1.577413E-001
70	6.900655000	-1.358197E+001	6.900655000	-8.149723E+001	6.900655000	-8.379428E+001	6.900655000	-1.730165E-001
71	7.000650000	-1.204294E+001	7.000650000	-8.105529E+001	7.000650000	-8.231668E+001	7.000650000	-1.453846E-001
72	7.100645000	-1.052168E+001	7.100645000	-8.092559E+001	7.100645000	-8.140773E+001	7.100645000	-9.277479E-002
73	7.200640000	-9.456603E+000	7.200640000	-7.905216E+001	7.200640000	-8.196700E+001	7.200640000	-1.175725E-001
74	7.300635000	-8.695810E+000	7.300635000	-8.628307E+001	7.300635000	-8.796208E+001	7.300635000	-1.087013E-001
75	7.400630000	-8.205557E+000	7.400630000	-8.756542E+001	7.400630000	-9.375770E+001	7.400630000	-6.848944E-002
76	7.500625000	-7.889578E+000	7.500625000	-8.320779E+001	7.500625000	-8.620543E+001	7.500625000	-5.471410E-002
77	7.600620000	-7.502733E+000	7.600620000	-8.899232E+001	7.600620000	-9.243652E+001	7.600620000	-8.431484E-002
78	7.700615000	-7.300521E+000	7.700615000	-8.738357E+001	7.700615000	-8.855830E+001	7.700615000	-7.276935E-002
79	7.800610000	-7.054760E+000	7.800610000	-8.753851E+001	7.800610000	-8.592729E+001	7.800610000	-4.621279E-002
80	7.900605000	-7.045543E+000	7.900605000	-8.281536E+001	7.900605000	-8.126155E+001	7.900605000	-8.075874E-002
81	8.000600000	-7.026200E+000	8.000600000	-8.168912E+001	8.000600000	-7.567483E+001	8.000600000	-6.888024E-002
82	8.100595000	-7.126932E+000	8.100595000	-7.435975E+001	8.100595000	-7.345672E+001	8.100595000	-7.511540E-002
83	8.200590000	-7.188243E+000	8.200590000	-7.635553E+001	8.200590000	-7.532121E+001	8.200590000	-1.025816E-001
84	8.300585000	-7.188483E+000	8.300585000	-7.583879E+001	8.300585000	-7.330536E+001	8.300585000	-1.661043E-001
85	8.400580000	-7.367889E+000	8.400580000	-7.556358E+001	8.400580000	-7.556824E+001	8.400580000	-1.622587E-001
86	8.500575000	-7.539758E+000	8.500575000	-8.429205E+001	8.500575000	-7.948020E+001	8.500575000	-9.640348E-002
87	8.600570000	-7.945019E+000	8.600570000	-7.964536E+001	8.600570000	-7.893819E+001	8.600570000	-4.600532E-002
88	8.700565000	-8.207719E+000	8.700565000	-8.755084E+001	8.700565000	-8.321452E+001	8.700565000	2.482861E-002
89	8.800560000	-8.377205E+000	8.800560000	-8.600682E+001	8.800560000	-8.916183E+001	8.800560000	1.078921E-001
90	8.900555000	-8.335884E+000	8.900555000	-9.861987E+001	8.900555000	-8.858224E+001	8.900555000	1.616942E-001
91	9.000550000	-8.333084E+000	9.000550000	-9.978356E+001	9.000550000	-9.303407E+001	9.000550000	1.453788E-001
92	9.100545000	-8.250297E+000	9.100545000	-9.703430E+001	9.100545000	-1.052112E+002	9.100545000	9.305415E-002
93	9.200540000	-8.305436E+000	9.200540000	-9.410343E+001	9.200540000	-8.972313E+001	9.200540000	6.051050E-002
94	9.300535000	-8.575931E+000	9.300535000	-9.351794E+001	9.300535000	-8.816060E+001	9.300535000	3.050690E-002
95	9.400530000	-8.747362E+000	9.400530000	-9.533540E+001	9.400530000	-1.027206E+002	9.400530000	9.862220E-003
96	9.500525000	-8.810834E+000	9.500525000	-9.246780E+001	9.500525000	-9.552323E+001	9.500525000	4.565437E-003
97	9.600520000	-8.221875E+000	9.600520000	-9.364017E+001	9.600520000	-8.782368E+001	9.600520000	-9.289530E-003
98	9.700515000	-7.116056E+000	9.700515000	-1.004034E+002	9.700515000	-9.686423E+001	9.700515000	-1.202877E-002
99	9.800510000	-6.553157E+000	9.800510000	-9.498138E+001	9.800510000	-1.028355E+002	9.800510000	-4.576202E-003
100	9.900505000	-6.041801E+000	9.900505000	-9.358955E+001	9.900505000	-8.988762E+001	9.900505000	1.332405E-003
101	10.000500000	-5.686880E+000	10.000500000	-9.303802E+001	10.000500000	-1.135434E+002	10.000500000	3.910644E-003
102	10.100495000	-5.492847E+000	10.100495000	-9.654400E+001	10.100495000	-9.197124E+001	10.100495000	7.300434E-003
103	10.200490000	-5.259455E+000	10.200490000	-9.707429E+001	10.200490000	-8.938431E+001	10.200490000	2.139725E-003
104	10.300485000	-5.129026E+000	10.300485000	-8.919602E+001	10.300485000	-9.468751E+001	10.300485000	8.953005E-003
105	10.400480000	-5.206438E+000	10.400480000	-8.906599E+001	10.400480000	-1.003010E+002	10.400480000	4.950199E-003
106	10.500475000	-5.251260E+000	10.500475000	-9.217036E+001	10.500475000	-9.289674E+001	10.500475000	7.968153E-003
107	10.600470000	-5.271264E+000	10.600470000	-8.901338E+001	10.600470000	-8.764800E+001	10.600470000	3.837711E-003
108	10.700465000	-5.415020E+000	10.700465000	-8.832977E+001	10.700465000	-8.483760E+001	10.700465000	4.888143E-003
109	10.800460000	-5.580210E+000	10.800460000	-9.059528E+001	10.800460000	-9.045615E+001	10.800460000	1.298103E-002
110	10.900455000	-5.786784E+000	10.900455000	-9.213130E+001	10.900455000	-9.752453E+001	10.900455000	2.206600E-002
111	11.000450000	-6.117625E+000	11.000450000	-8.896186E+001	11.000450000	-9.101058E+001	11.000450000	2.745776E-002
112	11.100445000	-6.324419E+000	11.100445000	-9.343504E+001	11.100445000	-9.364598E+001	11.100445000	3.362377E-002
113	11.200440000	-6.614628E+000	11.200440000	-1.056814E+002	11.200440000	-1.076684E+002	11.200440000	3.723890E-002
114	11.300435000	-7.013738E+000	11.300435000	-8.818127E+001	11.300435000	-8.647697E+001	11.300435000	4.585429E-002
115	11.400430000	-7.487891E+000	11.400430000	-8.658598E+001	11.400430000	-1.054153E+002	11.400430000	4.874925E-002
116	11.500425000	-7.958886E+000	11.500425000	-8.948864E+001	11.500425000	-9.520995E+001	11.500425000	5.668884E-002
117	11.600420000	-8.778015E+000	11.600420000	-9.103902E+001	11.600420000	-9.355037E+001	11.600420000	6.055951E-002
118	11.700415000	-9.540392E+000	11.700415000	-9.061268E+001	11.700415000	-8.954576E+001	11.700415000	6.002902E-002
119	11.800410000	-1.001256E+001	11.800410000	-9.499368E+001	11.800410000	-1.000094E+002	11.800410000	6.647735E-002
120	11.900405000	-9.995548E+000	11.900405000	-1.015478E+002	11.900405000	-1.074534E+002	11.900405000	7.399732E-002
121	12.000400000	-1.007175E+001	12.000400000	-9.314641E+001	12.000400000	-1.048847E+002	12.000400000	7.207246E-002
122	12.100395000	-1.028984E+001	12.100395000	-1.028774E+002	12.100395000	-9.067262E+001	12.100395000	6.906307E-002
123	12.200390000	-1.106980E+001	12.200390000	-9.434766E+001	12.200390000	-9.764413E+001	12.200390000	6.198882E-002
124	12.300385000	-1.204891E+001	12.300385000	-9.242009E+001	12.300385000	-8.787820E+001	12.300385000	6.912474E-002
125	12.400380000	-1.337201E+001	12.400380000	-9.196008E+001	12.400380000	-9.498638E+001	12.400380000	7.875767E-002
126	12.500375000	-1.523572E+001	12.500375000	-9.256260E+001	12.500375000	-9.302639E+001	12.500375000	6.113895E-002
127	12.600370000	-1.760624E+001	12.600370000	-9.166881E+001	12.600370000	-9.517082E+001	12.600370000	5.289399E-002
128	12.700365000	-1.991889E+001	12.700365000	-9.593938E+001	12.700365000	-8.958728E+001	12.700365000	6.350286E-002
129	12.800360000	-2.255151E+001	12.800360000	-9.033006E+001	12.800360000	-9.223180E+001	12.800360000	5.811125E-002
130	12.900355000	-2.127275E+001	12.900355000	-9.603433E+001	12.900355000	-9.517673E+001	12.900355000	6.835882E-002
131	13.000350000	-1.828126E+001	13.000350000	-1.019042E+002	13.000350000	-9.305500E+001	13.000350000	5.851939E-002
132	13.100345000	-1.628775E+001	13.100345000	-1.046087E+002	13.100345000	-9.948234E+001	13.100345000	5.143355E-002
133	13.200340000	-1.430298E+001	13.200340000	-9.007930E+001	13.200340000	-9.025877E+001	13.200340000	5.120996E-002
134	13.300335000	-1.298412E+001	13.300335000	-1.024354E+002	13.300335000	-9.779267E+001	13.300335000	5.729434E-002
135	13.400330000	-1.210870E+001	13.400330000	-8.658097E+001	13.400330000	-9.434491E+001	13.400330000	6.061364E-002
136	13.500325000	-1.135338E+001	13.500325000	-8.852744E+001	13.500325000	-8.750927E+001	13.500325000	6.194340E-002
137	13.600320000	-1.096855E+001	13.600320000	-8.674651E+001	13.600320000	-9.175742E+001	13.600320000	7.315031E-002
138	13.700315000	-1.063797E+001	13.700315000	-9.046136E+001	13.700315000	-8.721797E+001	13.700315000	7.639189E-002
139	13.800310000	-1.044160E+001	13.800310000	-8.240430E+001	13.800310000	-8.525066E+001	13.800310000	7.920557E-002
140	13.900305000	-1.060128E+001	13.900305000	-8.120072E+001	13.900305000	-8.182790E+001	13.900305000	7.903577E-002
141	14.000300000	-1.085437E+001	14.000300000	-8.263085E+001	14.000300000	-8.459075E+001	14.000300000	7.966257E-002
142	14.100295000	-1.098807E+001	14.100295000	-8.209636E+001	14.100295000	-8.219435E+001	14.100295000	7.421414E-002
143	14.200290000	-1.186688E+001	14.200290000	-8.114508E+001	14.200290000	-8.025501E+001	14.200290000	6.887199E-002
144	14.300285000	-1.245927E+001	14.300285000	-7.959981E+001	14.300285000	-7.956419E+001	14.300285000	6.666344E-002
145	14.400280000	-1.362913E+001	14.400280000	-8.232887E+001	14.400280000	-8.228923E+001	14.400280000	7.749815E-002
146	14.500275000	-1.448740E+001	14.500275000	-8.493266E+001	14.500275000	-8.315878E+001	14.500275000	8.133762E-002
147	14.600270000	-1.608920E+001	14.600270000	-7.972572E+001	14.600270000	-7.802133E+001	14.600270000	6.483531E-002
148	14.700265000	-1.689424E+001	14.700265000	-7.923206E+001	14.700265000	-7.970528E+001	14.700265000	6.290793E-002
149	14.800260000	-1.716259E+001	14.800260000	-7.935068E+001	14.800260000	-7.947844E+001	14.800260000	5.862921E-002
150	14.900255000	-1.674098E+001	14.900255000	-7.639400E+001	14.900255000	-7.702845E+001	14.900255000	5.844379E-002
151	15.000250000	-1.552197E+001	15.000250000	-7.933163E+001	15.000250000	-7.964090E+001	15.000250000	5.256870E-002
152	15.100245000	-1.453810E+001	15.100245000	-8.408553E+001	15.100245000	-8.246613E+001	15.100245000	4.782561E-002
153	15.200240000	-1.405434E+001	15.200240000	-8.007668E+001	15.200240000	-7.960390E+001	15.200240000	5.974154E-002
154	15.300235000	-1.298895E+001	15.300235000	-7.997085E+001	15.300235000	-7.949802E+001	15.300235000	4.900163E-002
155	15.400230000	-1.214508E+001	15.400230000	-8.602538E+001	15.400230000	-8.424104E+001	15.400230000	3.291169E-002
156	15.500225000	-1.161888E+001	15.500225000	-8.641089E+001	15.500225000	-8.252784E+001	15.500225000	3.912384E-002
157	15.600220000	-1.098179E+001	15.600220000	-8.010223E+001	15.600220000	-7.936723E+001	15.600220000	3.307918E-002
158	15.700215000	-1.062442E+001	15.700215000	-8.311062E+001	15.700215000	-8.185909E+001	15.700215000	3.100914E-002
159	15.800210000	-1.010263E+001	15.800210000	-8.352769E+001	15.800210000	-8.690250E+001	15.800210000	3.025910E-002
160	15.900205000	-9.487090E+000	15.900205000	-8.245111E+001	15.900205000	-8.150464E+001	15.900205000	2.376084E-002
161	16.000200000	-9.165668E+000	16.000200000	-7.867206E+001	16.000200000	-7.985685E+001	16.000200000	2.608600E-002
162	16.100195000	-8.509469E+000	16.100195000	-7.971799E+001	16.100195000	-8.227840E+001	16.100195000	2.282570E-002
163	16.200190000	-8.102265E+000	16.200190000	-8.480580E+001	16.200190000	-8.658978E+001	16.200190000	1.735805E-002
164	16.300185000	-7.723129E+000	16.300185000	-8.036221E+001	16.300185000	-7.958347E+001	16.300185000	1.408550E-002
165	16.400180000	-7.355729E+000	16.400180000	-7.997115E+001	16.400180000	-7.896980E+001	16.400180000	3.573899E-003
166	16.500175000	-7.109727E+000	16.500175000	-8.107892E+001	16.500175000	-8.105556E+001	16.500175000	-1.787276E-003
167	16.600170000	-7.152620E+000	16.600170000	-8.090550E+001	16.600170000	-8.140923E+001	16.600170000	-3.955624E-003
168	16.700165000	-7.099561E+000	16.700165000	-7.911259E+001	16.700165000	-7.817045E+001	16.700165000	-9.517301E-003
169	16.800160000	-7.192711E+000	16.800160000	-7.799797E+001	16.800160000	-7.800137E+001	16.800160000	-1.931707E-002
170	16.900155000	-7.330118E+000	16.900155000	-7.739594E+001	16.900155000	-7.792380E+001	16.900155000	-4.585829E-002
171	17.000150000	-7.721762E+000	17.000150000	-7.732343E+001	17.000150000	-7.664453E+001	17.000150000	-6.283339E-002
172	17.100145000	-7.773692E+000	17.100145000	-7.742179E+001	17.100145000	-7.811490E+001	17.100145000	-8.316530E-002
173	17.200140000	-8.067817E+000	17.200140000	-7.504377E+001	17.200140000	-7.678382E+001	17.200140000	-1.212329E-001
174	17.300135000	-8.474030E+000	17.300135000	-7.422614E+001	17.300135000	-7.500490E+001	17.300135000	-1.593138E-001
175	17.400130000	-9.094519E+000	17.400130000	-7.284126E+001	17.400130000	-7.331281E+001	17.400130000	-2.211234E-001
176	17.500125000	-1.008459E+001	17.500125000	-7.475089E+001	17.500125000	-7.482795E+001	17.500125000	-2.964034E-001
177	17.600120000	-1.141196E+001	17.600120000	-7.288586E+001	17.600120000	-7.333186E+001	17.600120000	-4.225260E-001
178	17.700115000	-1.237192E+001	17.700115000	-7.291907E+001	17.700115000	-7.491206E+001	17.700115000	-6.121534E-001
179	17.800110000	-1.328374E+001	17.800110000	-7.146077E+001	17.800110000	-7.216979E+001	17.800110000	-9.322445E-001
180	17.900105000	-1.351170E+001	17.900105000	-7.197620E+001	17.900105000	-7.371600E+001	17.900105000	-1.539893E+000
181	18.000100000	-1.480273E+001	18.000100000	-7.156061E+001	18.000100000	-7.059323E+001	18.000100000	-2.778092E+000
182	18.100095000	-1.608874E+001	18.100095000	-7.062624E+001	18.100095000	-7.189034E+001	18.100095000	-5.111075E+000
183	18.200090000	-1.638570E+001	18.200090000	-7.424250E+001	18.200090000	-7.647459E+001	18.200090000	-6.284798E+000
184	18.300085000	-1.544660E+001	18.300085000	-8.148071E+001	18.300085000	-8.043065E+001	18.300085000	-3.916703E+000
185	18.400080000	-1.419501E+001	18.400080000	-8.418404E+001	18.400080000	-8.544267E+001	18.400080000	-2.151588E+000
186	18.500075000	-1.266914E+001	18.500075000	-8.463716E+001	18.500075000	-8.199277E+001	18.500075000	-1.285424E+000
187	18.600070000	-1.171334E+001	18.600070000	-8.618122E+001	18.600070000	-8.211594E+001	18.600070000	-8.542306E-001
188	18.700065000	-1.084066E+001	18.700065000	-8.818520E+001	18.700065000	-8.796721E+001	18.700065000	-6.126658E-001
189	18.800060000	-9.927752E+000	18.800060000	-8.628013E+001	18.800060000	-8.851330E+001	18.800060000	-4.624768E-001
190	18.900055000	-9.280127E+000	18.900055000	-8.883279E+001	18.900055000	-8.888707E+001	18.900055000	-3.715473E-001
191	19.000050000	-8.864897E+000	19.000050000	-8.869144E+001	19.000050000	-8.740817E+001	19.000050000	-3.159260E-001
192	19.100045000	-8.323054E+000	19.100045000	-9.025253E+001	19.100045000	-9.236236E+001	19.100045000	-2.590179E-001
193	19.200040000	-7.826131E+000	19.200040000	-8.808276E+001	19.200040000	-8.974914E+001	19.200040000	-2.217047E-001
194	19.300035000	-7.383977E+000	19.300035000	-1.045048E+002	19.300035000	-9.035545E+001	19.300035000	-1.956671E-001
195	19.400030000	-7.264969E+000	19.400030000	-9.421920E+001	19.400030000	-1.012222E+002	19.400030000	-1.747749E-001
196	19.500025000	-7.098275E+000	19.500025000	-9.980893E+001	19.500025000	-1.137303E+002	19.500025000	-1.509911E-001
197	19.600020000	-6.843137E+000	19.600020000	-9.500832E+001	19.600020000	-9.101511E+001	19.600020000	-1.419899E-001
198	19.700015000	-6.831426E+000	19.700015000	-1.014667E+002	19.700015000	-9.176795E+001	19.700015000	-1.269325E-001
199	19.800010000	-6.723079E+000	19.800010000	-1.036228E+002	19.800010000	-1.075811E+002	19.800010000	-1.112581E-001
200	19.900005000	-6.621351E+000	19.900005000	-9.384573E+001	19.900005000	-8.948421E+001	19.900005000	-9.498376E-002
201	20.000000000	-6.507539E+000	20.000000000	-9.339552E+001	20.000000000	-8.916325E+001	20.000000000	-9.880815E-002
